var_idx: 31 set_val: -4 
var_states: 
Dict(
    47 => [-8, -4, -9, -7, -1, -6],
    68 => [-7, -9, -5, -2, -8],
    50 => [-2, -8, -5, -9, -7],
    77 => [-5, -7, -9, -8, -2],
    40 => [-5, -7, -3, -9, -6],
    39 => [-5, -4, -2, -1, -7, -8],
    75 => [-2, -5, -1, -8, -4, -7],
    42 => [-9, -5, -3, -8, -2, -6],
    66 => [-1, -2, -8, -5, -4, -7],
    58 => [-1, -3, -6, -9, -7, -5],
    59 => [-5, -9, -7, -8, -2],
    49 => [-7, -3, -9, -5, -6],
    22 => [-9, -5],
    51 => [-3, -5, -9, -2, -8, -6],
    24 => [-5, -9],
    38 => [-6, -7, -1, -4, -9, -8],
    57 => [-7, -1, -5, -2, -8, -4],
    23 => [-6],
    31 => [-4],
    67 => [-3, -1, -6, -9, -5, -7],
    36 => [-2, -5, -6],
    48 => [-1, -4, -8, -5, -7, -2],
    76 => [-1, -3, -6, -9, -5, -7],
    41 => [-8, -2, -5, -9, -7],
    33 => [-6, -2, -5],
    30 => [-3])
var_changes: Dict(47 => [(:rm, -3, 0, 1)],
68 => [(:rm, -6, 0, 1)],
50 => [(:rm, -6, 0, 1)],
77 => [(:rm, -6, 0, 1)],
40 => [(:rm, -4, 0, 1)],
39 => [(:rm, -3, 0, 1)],
75 => [(:rm, -3, 0, 1)],
42 => [(:rm, -4, 0, 1)],
66 => [(:rm, -3, 0, 1)],
58 => [(:rm, -4, 0, 1)],
59 => [(:rm, -6, 0, 1)],
49 => [(:rm, -4, 0, 1)],
22 => [(:rm, -6, 0, 1)],
51 => [(:rm, -4, 0, 1)],
24 => [(:rm, -6, 0, 1)],
38 => [(:rm, -3, 0, 1)],
57 => [(:rm, -3, 0, 1)],
23 => [(:remove_above, -6, 0, 1)],
31 => [(:fix, -4, 4, 0)],
67 => [(:rm, -4, 0, 1)],
36 => [(:rm, -4, 0, 1), (:rm, -3, 0, 1)],
48 => [(:rm, -3, 0, 1)],
76 => [(:rm, -4, 0, 1)],
41 => [(:rm, -6, 0, 1)],
33 => [(:rm, -4, 0, 1), (:rm, -3, 0, 1)],
30 => [(:remove_above, -3, 0, 1), (:remove_below, -4, 0, 1), (:rm, -4, 0, 1)])
bt_infeasible: [0, 0, 0, 0, 2, 1, 7, 0, 0, 0, 0, 0, 0, 0, 20, 2, 15, 11, 1, 0, 31, 10, 14, 38, 60, 60, 62, 1, 0, 21, 60, 57, 58, 55, 60, 60, 0, 0, 4, 4, 13, 27, 55, 52, 56, 1, 0, 0, 3, 6, 5, 9, 56, 34, 0, 0, 0, 0, 6, 36, 16, 37, 15, 0, 0, 0, 0, 0, 6, 15, 3, 23, 0, 0, 0, 0, 0, 11, 55, 23, 8]