ode2: 
2019-11-06T18:38:13.1655920Z Feasible: false
2019-11-06T18:38:13.1656280Z id: 1723 status: Closed best_bound: 0 step_nr: 1707
2019-11-06T18:38:13.1658530Z var_idx: 31 set_val: -3 var_states: Dict(68 => [-7, -9, -5, -2, -8],
2 => [-2],
11 => [-5],
39 => [-5, -3, -2, -1, -7, -8],
46 => [-5, -2, -9, -1, -7],
25 => [-3],
55 => [-9, -6, -1, -4, -5, -2, -7],
42 => [-9, -5, -4, -8, -2],
29 => [-7, -9],
58 => [-1, -4, -6, -9, -7, -5],
66 => [-1, -2, -8, -5, -3, -7],
59 => [-5, -9, -7, -8, -2],
8 => [-9],
74 => [-8, -7, -3, -4],
57 => [-7, -1, -5, -2, -8],
20 => [-1, -4, -7],
14 => [-3],
31 => [-3],
78 => [-4, -8, -2],
70 => [-9, -7, -8, -6],
52 => [-2, -1],
33 => [-6],
18 => [-1],
69 => [-4, -8, -2],
26 => [-2],
35 => [-8],
17 => [-6, -4],
64 => [-9, -5, -1, -6, -4, -2, -7],
65 => [-4, -9, -1, -3, -8, -6, -7],
49 => [-7, -4, -9, -5],
44 => [-7, -4, -5, -3],
4 => [-8],
37 => [-9, -5, -6, -1, -7, -2],
45 => [-3, -9],
13 => [-2],
67 => [-4, -1, -6, -9, -5, -7],
30 => [-4],
1 => [-3],
47 => [-8, -3, -9, -7, -1],
54 => [-6],
32 => [-1],
50 => [-2, -8, -5, -9, -7],
77 => [-5, -7, -9, -8, -2],
40 => [-5, -7, -4, -9],
80 => [-6, -7, -4, -5, -3, -1],
7 => [-5],
9 => [-7],
43 => [-1],
60 => [-3],
34 => [-7, -9],
75 => [-2, -5, -1, -8, -3, -7],
3 => [-6],
61 => [-4, -9, -6],
79 => [-7, -8, -9, -6],
38 => [-6, -7, -1, -3, -9, -8],
71 => [-6, -3, -7, -5, -4, -1],
36 => [-2],
48 => [-1, -3, -8, -5, -7, -2],
76 => [-1, -4, -6, -9, -5, -7],
12 => [-9],
81 => [-9, -3],
16 => [-6, -4],
62 => [-4, -6, -1],
21 => [-7, -1],
10 => [-8],
19 => [-7, -4],
51 => [-4, -5, -9, -2, -8],
22 => [-9, -5],
6 => [-1],
24 => [-5, -9],
73 => [-1, -5, -6, -2],
53 => [-7, -5, -1, -3, -4],
72 => [-5, -4],
28 => [-2, -5],
5 => [-4],
23 => [-6],
63 => [-5, -4],
27 => [-8],
56 => [-4, -7, -1, -9, -6, -8],
41 => [-8, -2, -5, -9, -7],
15 => [-7])
2019-11-06T18:38:13.1661140Z var_changes: Dict(68 => [(:rm, -6, 0, 1)],
2 => [],
11 => [],
39 => [(:rm, -4, 0, 1)],
46 => [(:rm, -4, 0, 1), (:rm, -6, 0, 1)],
25 => [],
55 => [],
42 => [(:rm, -3, 0, 1), (:rm, -6, 0, 1)],
29 => [],
58 => [(:rm, -3, 0, 1)],
66 => [(:rm, -4, 0, 1)],
59 => [(:rm, -6, 0, 1)],
8 => [],
74 => [],
57 => [(:rm, -4, 0, 1), (:rm, -3, 0, 1)],
20 => [],
14 => [],
31 => [(:fix, -3, 4, 0)],
78 => [(:rm, -6, 0, 1)],
70 => [],
52 => [(:rm, -6, 0, 1), (:rm, -4, 0, 1), (:rm, -9, 0, 1), (:rm, -7, 0, 1)],
33 => [(:rm, -4, 0, 1), (:rm, -3, 0, 1), (:rm, -5, 0, 1), (:rm, -2, 0, 1)],
18 => [(:rm, -6, 0, 1), (:rm, -4, 0, 1)],
69 => [(:rm, -6, 0, 1)],
26 => [],
35 => [],
17 => [(:remove_above, -3, 0, 1)],
64 => [],
65 => [],
49 => [(:rm, -3, 0, 1), (:rm, -6, 0, 1)],
44 => [(:rm, -6, 0, 1), (:rm, -1, 0, 1)],
4 => [],
37 => [(:rm, -4, 0, 1)],
45 => [(:rm, -6, 0, 1), (:rm, -1, 0, 1), (:rm, -5, 0, 1), (:rm, -4, 0, 1), (:rm, -2, 0, 1)],
13 => [],
67 => [(:rm, -3, 0, 1)],
30 => [(:remove_above, -4, 0, 2), (:rm, -5, 0, 1)],
1 => [],
47 => [(:rm, -4, 0, 1), (:rm, -6, 0, 1)],
54 => [(:remove_above, -6, 0, 4)],
32 => [],
50 => [(:rm, -6, 0, 1)],
77 => [(:rm, -6, 0, 1)],
40 => [(:rm, -3, 0, 1), (:rm, -6, 0, 1)],
80 => [],
7 => [],
9 => [],
43 => [(:rm, -6, 0, 1), (:rm, -7, 0, 1), (:rm, -4, 0, 1), (:rm, -9, 0, 1), (:rm, -2, 0, 1)],
60 => [(:rm, -6, 0, 1), (:rm, -4, 0, 1), (:rm, -8, 0, 1), (:rm, -5, 0, 1)],
34 => [],
75 => [(:rm, -4, 0, 1)],
3 => [],
61 => [(:remove_above, -3, 0, 2), (:rm, -8, 0, 1), (:rm, -7, 0, 1)],
79 => [],
38 => [(:rm, -4, 0, 1)],
71 => [],
36 => [(:rm, -4, 0, 1), (:rm, -3, 0, 1), (:rm, -6, 0, 1), (:rm, -5, 0, 1)],
48 => [(:rm, -4, 0, 1)],
76 => [(:rm, -3, 0, 1)],
12 => [],
81 => [(:rm, -6, 0, 1), (:rm, -1, 0, 1), (:rm, -2, 0, 1), (:rm, -5, 0, 1), (:rm, -4, 0, 1)],
16 => [(:remove_above, -3, 0, 1)],
62 => [(:rm, -3, 0, 1), (:rm, -7, 0, 1), (:rm, -5, 0, 1)],
21 => [(:rm, -4, 0, 1)],
10 => [],
19 => [],
51 => [(:rm, -3, 0, 1), (:rm, -6, 0, 1)],
22 => [(:rm, -6, 0, 1)],
6 => [],
24 => [(:rm, -6, 0, 1)],
73 => [],
53 => [(:rm, -6, 0, 1)],
72 => [(:remove_below, -8, 0, 1), (:rm, -6, 0, 1), (:rm, -2, 0, 1), (:rm, -1, 0, 1), (:remove_above, -4, 0, 1)],
28 => [],
5 => [],
23 => [(:rm, -5, 0, 1)],
63 => [(:rm, -3, 0, 1), (:remove_below, -8, 0, 1), (:rm, -1, 0, 1), (:rm, -2, 0, 1), (:rm, -6, 0, 1)],
27 => [],
56 => [(:rm, -3, 0, 1)],
41 => [(:rm, -6, 0, 1)],
15 => [])
2019-11-06T18:38:13.1661480Z bt_infeasible: [0, 0, 0, 0, 2, 1, 7, 0, 0, 0, 0, 0, 0, 0, 20, 2, 15, 11, 1, 0, 31, 10, 14, 38, 60, 60, 62, 1, 0, 21, 60, 57, 58, 55, 60, 60, 0, 0, 4, 4, 13, 27, 55, 52, 56, 1, 0, 0, 3, 6, 5, 9, 56, 34, 0, 0, 0, 0, 6, 36, 16, 37, 15, 0, 0, 0, 0, 0, 6, 15, 3, 23, 0, 0, 0, 0, 0, 11, 55, 23, 8]